300
38862
477827
348123
519419
157440
346123
71962
108239
20139
420612
411862
436215
525924
375168
45375
254947
379789
102116
427931
102483
114161
555028
320290
347486
498134
439710
451720
299349
537274
359733
87093
515438
285707
405149
502234
54691
381060
489414
115801
489607
476755
326088
55411
179916
224769
251982
380383
128878
394023
249420
534322
512731
431596
416259
334455
491204
131345
305195
421777
117251
291130
399738
60058
532646
408978
98213
539499
533303
439424
278855
297886
294088
127002
508688
299549
342237
371367
415104
98071
558095
331011
8682
149475
372214
278702
88429
469374
45615
412778
39149
293881
55505
252923
416110
463109
17435
198685
485118
1655
431345
420826
447621
242982
442870
490735
196618
200928
314603
104932
257017
454450
453120
221240
329691
286430
140264
252489
269895
223794
47913
542144
83235
81998
97659
519418
53501
220863
518346
104381
219030
472986
342928
14409
501816
73330
76919
555149
320541
369161
411079
325050
337958
209780
415073
104352
108717
518809
517412
432282
384696
4287
81168
218414
550388
390762
139159
529094
470628
525255
356545
171963
21110
416959
332185
151658
473246
530656
126938
413330
393409
349181
205882
304931
399907
218921
238604
29683
205602
493493
519261
468980
417808
189466
516591
148315
276591
98624
20897
287349
318543
105934
21629
433022
182943
336257
46933
537507
205627
62901
181560
491688
184461
79805
82320
333961
41710
209379
420179
245380
221563
491769
460473
230786
129200
74016
303692
338764
191143
141807
272103
217553
120054
180940
358196
269489
236773
114632
57860
188016
455242
342849
237191
335929
86421
426862
356519
539521
22258
473298
258295
194043
425998
329270
243982
90983
144260
137116
368137
286452
372530
492096
53591
470353
270495
497223
192839
239876
55897
207552
51665
484173
512131
143181
41479
323467
409431
425043
159762
120301
28000
478371
360963
148472
293210
315650
65997
279697
405643
26360
458051
489346
506967
1931
505505
443721
261937
44578
8255
145709
371906
157476
494102
546429
278474
265215
481153
15081
87489
445424
551235
258980
237337
144899
358671
347653
468670
112451
146987
46983
6092
537295
329382
379886
54888
182571
352185
204038
329436
275044
468842
45342
264067
488097
229651
18222
178338
222332
306378
132301
235267
318685
312404
279381
91294
212180
253085
23743
228150
206233
107014
455042
136633
258991
369227
559231
160530
476078
298760
333960
120867
407137
506883
417721
380924
454227
258155
240001
285552
352144
247683
137156
441138
385703
166771
136820
212081
432997
25474
377873
72200
242125
13017
360733
137458
234519
396398
393871
534976
371059
38539
78480
513804
351933
297904
444589
338212
330339
484649
249521
224386
424207
498257
128603
108434
294372
221134
38519
62427
274391
14973
31506
60579
268391
441772
273752
83236
113119
462092
324529
246919
543112
310523
346111
349005
161985
478980
481304
28134
20221
445427
13634
423413
193525
165424
255495
385638
7464
277940
359920
3790
175902
352250
515397
298442
417207
422304
282492
251938
76495
450219
45717
42708
226420
452067
253418
326445
520088
303089
303625
272464
43212
236473
388501
51543
176636
222810
83213
105831
133874
18801
363842
252416
456981
5663
70264
307906
479354
80733
169180
175853
280924
467151
494052
282383
250308
418862
440532
541546
180269
104752
56368
550551
390479
356961
464891
393358
141363
472147
301054
359499
132264
285482
356922
62037
187367
125382
352019
334271
472783
329094
28697
458848
129990
71489
344173
333085
97591
395861
109716
257648
542217
473339
139402
379604
266045
9095
271900
202906
134779
478705
76471
328602
407374
65705
549669
542529
84989
165040
66599
468433
172932
527446
37542
231571
6171
517060
242218
519177
547117
97736
503033
52467
187490
476739
523363
422361
59273
106011
501981
219589
522748
279378
531060
438053
370981
358635
514862
376265
557684
386201
307853
64209
311018
235053
28811
77596
160783
437109
266046
415967
269394
403139
300361
424613
196708
237395
242246
428295
546463
350470
376861
423332
146963
491177
22451
280806
307562
464507
57416
301723
544130
545181
171303
125886
99351
456783
40768
52430
262799
534537
136443
431688
113378
528999
213722
264536
217078
68771
504911
147871
29237
145856
227813
176646
326164
496873
489795
542399
24160
382158
352779
478964
331660
96540
63732
408779
276023
510283
517528
335443
526214
447800
511296
57183
547179
9237
148891
395677
55263
335027
74983
33379
117620
466962
100224
160473
343710
434801
312599
536021
294510
451596
462369
402051
262498
60877
402179
350289
485843
53008
351583
475655
62925
254604
512418
482052
23767
239840
401745
365726
482556
446976
395016
550210
319145
388353
360863
461238
395299
508732
461424
142430
370238
358581
285933
238241
341163
288051
231299
201766
313024
293712
302603
388942
494713
352139
28246
517937
208884
338214
391394
507713
442923
376279
365274
18181
256077
139343
250859
477757
512750
53496
201509
421760
556361
350139
299837
127217
156597
23522
425808
539850
498427
433834
324475
340146
439769
143509
157849
188009
31204
228845
209652
72024
38310
181519
126167
540010
368522
326364
455230
174099
388936
202380
274497
451858
63244
225897
439962
146786
542759
395245
347129
234260
118342
414142
293746
313511
398692
95780
298921
2028
97178
310731
439958
425986
41634
48634
418823
241560
147798
288961
465776
249321
128542
488343
269144
472285
349196
166872
99760
460224
98901
110439
8055
332053
443488
303176
434613
311347
390806
488707
146234
423539
155147
90582
156333
447877
213799
231881
278862
95719
395225
18505
118597
381078
467305
506863
412442
2609
444502
143584
157117
518184
408429
546049
153218
401301
345503
61417
118575
458044
138534
88665
405809
14226
245143
486565
175391
145010
196610
365659
40407
289402
201131
62905
90468
161729
63184
394244
225257
405138
533441
271911
493647
368786
506944
49117
381867
375279
369909
115103
256503
324273
321384
244290
110569
257682
553011
338024
460220
231471
450173
334914
373367
124702
511081
141731
375136
62277
94052
254787
280011
361258
432754
62212
392444
174497
372165
210433
102987
293243
414289
121205
291525
268989
444095
388763
127218
287212
12899
550468
548451
460602
106892
556478
275827
386629
383678
336338
24718
414022
150626
277933
476165
148392
268565
12354
474153
409087
425513
379420
363811
97983
276364
131118
493431
39877
423860
231257
162287
127939
135337
536031
387229
65760
293531
447562
405250
483997
44418
203808
38970
554167
125924
551232
392556
264466
30005
519633
324441
487402
6064
469717
387083
140472
76938
308891
412107
400774
148468
514106
27973
98608
531800
541236
347625
182973
556858
157056
289746
110306
131436
505320
378427
484383
156610
354884
157792
165389
17728
294482
117834
430968
245343
179292
242986
432713
92634
160979
274630
372874
504725
307825
411701
19519
559284
385954
382065
557450
96479
311998
318080
421493
116433
287486
293146
261594
111797
425915
243080
553367
292028
208180
85209
262756
173860
51191
396923
436082
553095
42301
265763
165285
227373
21018
489858
307006
461645
340533
56881
305974
22128
245726
374963
301869
233534
307770
215445
75166
168020
465961
64772
410136
506654
169978
447450
397353
510104
15290
222689
351256
541698
537669
458144
342085
433148
148897
415354
265642
16220
452441
121963
47934
518871
4372
370679
94262
100295
441208
274026
349809
518408
66681
538849
505822
294103
214991
16119
84714
113115
61130
66948
463200
392161
405993
380113
194929
229050
537628
311724
396220
335219
105806
180694
221519
160349
325206
4808
300609
243337
541414
117331
307339
305677
481360
174033
457767
498085
542323
274038
309663
459744
485983
366921
240932
242894
241661
95930
413986
122283
379543
152817
476734
345918
420323
176719
494588
100192
559047
111445
54014
17237
213854
71861
491523
122545
468730
155908
398622
216878
289657
68755
85872
283493
467809
204467
40523
160534
341955
382881
118440
211428
203811
543951
537182
494227
350578
339765
138769
183609
50075
307435
210790
7918
66870
465989
157882
224871
505764
461224
1818
296368
320011
214039
512289
79451
336936
382227
128242
333553
448735
234417
281426
152348
94108
330289
456901
137519
454559
368377
348109
4101
159042
152666
353225
30866
471303
338869
360100
365145
191477
223443
111890
443968
502717
201550
541854
170208
229763
474448
74978
223105
392052
442471
222144
283899
173696
554175
121570
370155
452454
446723
19775
240738
3372
275269
36917
196937
179442
524521
424809
108022
194114
233696
52052
471855
391680
16294
188951
286740
478996
259126
6452
516252
539895
502160
82324
243671
193208
191551
308231
141604
15496
520745
301844
267726
30867
150946
136145
525745
116225
61210
258542
55133
321254
490009
223094
97331
83161
12107
529477
559210
475042
135502
449867
221144
266332
253705
192462
459057
17851
351447
416836
65275
458554
71578
196715
16882
259233
187850
404734
391418
188458
470861
313510
308096
508910
412561
110568
343521
143389
171162
370369
262462
104543
135977
40120
80461
245640
205905
33406
261448
147432
231991
434382
332003
499839
221178
28991
197746
427273
280097
463380
404489
390061
525242
354705
5368
377073
35569
31287
363532
402297
128965
507315
535336
461972
58761
417663
520848
76684
394416
154997
260067
556919
35212
497134
494309
345982
264323
457799
359656
223398
333334
393251
367294
396984
48132
525564
62030
394393
496835
145403
507878
121083
253216
99390
62126
343230
62798
282310
191500
19788
322767
294362
484622
352143
350462
318671
265066
45486
235220
420655
486819
559121
135736
528414
266455
437005
497830
200186
469601
214444
545696
466195
505528
272379
203241
155837
509682
99979
12132
363074
69654
63860
379645
339781
330290
531806
376532
438166
416384
320214
216209
272620
436536
61997
308334
186074
273076
102455
172863
28692
412495
38929
265619
21745
45064
21602
404227
72194
72949
279177
14462
365595
451455
309367
226835
458210
438991
145306
492031
237
142577
454565
245924
377259
486341
336047
479026
379746
532658
50479
255836
513076
489614
52539
75441
129292
204517
128618
143067
525304
292994
557741
84723
46041
190361
202878
159709
456061
132713
190779
263373
541746
281241
129289
60014
258479
360688
140167
367845
414468
368939
411236
79591
495474
307863
97233
41908
230946
387707
219778
305996
117082
485910
391237
273785
354340
544922
141076
254940
406065
432629
531396
480360
183310
308272
298738
216712
475138
53807
381040
260151
286597
323969
306678
432180
138013
153367
333450
419676
400537
468200
291639
478673
299190
261943
257807
31655
361706
225936
146121
519850
289367
378998
319760
376058
104116
387975
255327
258641
394666
107446
362982
465884
460697
23990
177758
371613
284771
166753
179826
238463
501900
151577
401530
258232
193150
7157
324344
293581
404792
299662
13719
265828
229635
92439
531189
73150
165239
18214
314554
440068
236024
142407
330459
475481
170168
548162
454751
377426
321608
331353
313915
320719
334385
329377
289044
34892
238218
292111
535083
400763
557812
431662
317214
270183
446089
316480
480971
390648
292353
497932
34242
34722
556708
171595
114451
127327
359068
292256
336086
175949
401165
477752
363086
3723
456082
199584
53869
318926
42606
211580
304728
60866
204646
134380
349605
96043
507199
178298
7194
550465
107139
131073
317159
413411
221228
295048
27235
229881
187615
237407
102880
225138
382508
118406
215625
188093
518213
150893
369760
162428
464009
422283
185643
377224
461837
104457
179205
195730
238224
532269
160012
552258
280403
217125
289149
96620
334523
47440
178306
487181
459194
543378
413865
255665
225504
199572
139257
240682
374545
216374
49682
368702
422639
334303
408734
545013
511184
180720
407150
97804
209161
556414
331406
344171
47208
230539
354708
366950
336392
386750
522435
219643
558820
467689
482258
418746
144898
60682
549879
254241
462723
57249
150256
420478
204767
412838
494884
180706
494288
101468
168065
553340
482158
451438
14948
149645
84699
499981
454925
102331
362314
107587
243285
194381
101738
284921
523427
415557
89979
484998
347755
100583
505241
237056
362382
542314
285269
254351
516103
380802
53066
553589
50168
70416
297411
510087
177200
295416
171783
282303
345314
259771
521124
349620
237662
37340
60959
293203
256015
412427
374053
337246
413322
52823
373523
283197
182060
167130
328487
245826
278171
552770
322895
334850
195087
555989
448978
478610
19567
161661
50946
90869
331355
356363
200846
293206
181669
286513
467999
78805
147886
37920
1179
533798
457557
254781
10950
512274
376748
151330
380751
332128
69610
299367
325268
410636
71060
350122
516767
114439
261233
332535
381692
5716
323319
548882
559835
124271
397378
229898
45804
77108
453020
309046
260414
104538
97486
227418
319683
169459
42522
152015
151249
91751
217769
194028
543180
296600
558804
177886
244688
422233
500459
56076
476146
347418
173072
92338
423571
346744
327428
152970
417389
463977
170614
525941
306548
420896
143846
103276
462395
418175
297836
533271
161652
85824
209610
184332
428834
38814
163701
550113
392900
497357
247186
490274
460212
154424
296897
141285
37244
295010
397936
209490
547785
151463
288106
103851
491265
96936
177809
371219
157387
321376
42910
250197
457537
387904
16403
309969
164479
532207
46716
412193
247159
475035
18954
102093
229621
533160
432166
311333
234615
203846
220957
407118
357147
355499
222169
103983
314729
104689
458577
12461
295992
192362
542844
300939
224443
422451
75863
112423
535816
371557
337073
95765
364040
62522
225773
396899
168144
418688
370775
13384
284523
305027
133943
214251
140625
553104
45242
374684
481338
146142
354855
21552
71392
203195
152122
373361
535399
9474
76071
391381
187328
65459
365270
65731
376308
278403
33170
203503
60576
276996
384083
306033
69665
461936
206198
102935
46131
517502
221534
486675
213437
457868
442191
481556
6063
183975
326751
208562
311297
249116
98610
504584
189409
210115
37685
72098
500534
118974
229775
35456
440270
165000
472120
35875
237069
483664
115770
407179
355844
550021
45583
363039
435236
238284
195228
346298
558842
488589
338028
446114
218677
157736
354448
265864
326212
539892
374512
397183
311364
302215
168038
212904
193857
4479
76755
432994
145108
43210
283606
162631
207657
231578
187355
77039
336058
429753
247199
235765
224629
11960
446783
428743
76612
479020
233177
288094
201066
205530
62774
505892
505821
262183
334669
372349
412363
159154
386971
231255
282857
449032
476333
228118
313236
535104
22919
7526
509224
303352
214541
368197
420395
553123
272189
243729
230046
312881
93797
3660
458174
457505
65011
31694
533606
198156
446736
478172
229505
71266
326297
245116
305729
423635
209458
73046
509348
53124
39190
438337
68905
471074
128912
351100
500605
143543
454228
331190
338733
284019
209917
483931
190551
156386
424345
539703
46836
440782
367036
413394
220129
277798
377590
395152
483864
110501
288414
394140
546588
53442
59349
538428
434818
268190
66255
270057
149860
58279
66493
159772
171173
240086
313153
148743
70122
185088
387303
456973
311203
201842
44712
67698
532053
199564
411132
37598
166227
82830
235508
262996
508958
480018
219613
201450
172111
61799
73931
550919
512283
162409
223342
326083
172764
111448
389598
54858
325727
164295
172960
162018
88728
94425
214439
415318
296327
147200
419008
13210
468055
275872
186995
361339
516949
131594
97508
194039
463792
168239
248058
118777
187945
202244
50219
473695
178850
448864
14248
487862
421138
498912
90617
224640
389695
192877
332794
394165
514913
423592
184781
37969
182854
97251
216948
459801
551195
247815
195538
504128
535300
432700
87050
403829
434651
68795
143553
246036
30232
145020
236775
106435
218283
392628
165894
73399
75710
23546
284881
434923
46617
209028
292881
534393
71053
391528
37467
248005
19722
299769
197838
264939
180387
172449
54709
200787
146164
245184
419555
529629
420154
275710
383683
507045
117674
222407
354796
133016
274276
82397
527319
350676
222047
448130
929
216370
437794
464430
36445
98912
407459
440949
273322
450869
540926
255773
197319
198813
354534
131491
557457
456383
261798
231848
330309
216439
378602
233451
466877
143529
219211
161517
156880
326418
333537
434395
353173
65969
248890
246791
300474
225384
301268
408033
339359
478219
253583
494093
82446
257010
56859
488293
60305
223227
525651
285158
331604
398849
83820
422894
130314
379410
277594
338866
463110
373298
212215
81458
404553
313991
356568
56347
207153
509555
516290
138170
35964
142925
149046
175184
403263
280828
383596
280532
10369
498911
238734
200024
311446
505411
82480
515286
380277
147043
366148
123681
193679
512011
170953
216000
50903
341557
478200
466206
19984
171437
280316
27064
205048
260779
378313
70235
397655
347904
517091
518772
28202
388119
38373
514501
479563
412390
540889
448454
211480
546384
64362
81228
321763
296054
245676
36285
373088
324220
316571
81544
482999
54721
162124
388599
311131
80226
438585
222379
224637
110502
219658
468068
268943
553481
35546
14901
411250
264501
309715
554985
443501
464321
271527
205727
259810
247043
450203
517227
466870
13401
217189
416401
22885
53233
109917
486343
107912
398965
428107
427013
499785
352365
535089
453336
224577
233146
383872
309641
401957
274866
1068
470660
300568
534045
517924
554712
404989
425343
179691
430203
522848
521472
430093
183424
89253
522586
151600
116675
305273
286734
477604
150715
405976
117713
136369
258325
86054
320232
239483
199371
443771
450333
321062
479883
206202
161624
294263
392291
405092
136104
146395
33033
60432
45244
247280
452742
159127
61274
165422
11529
28033
6242
23024
248759
239305
308774
359454
508539
354431
27509
47177
78511
44199
5414
160085
494974
399894
546643
268217
158350
504746
303412
370799
281584
533927
439423
398181
530337
251415
23301
87932
398309
197919
151754
109038
9160
477253
459974
163443
440738
499511
436783
318585
231516
224365
93123
287968
275039
168597
427518
234736
342825
80274
379073
44816
494429
360663
365688
206562
428740
269515
30361
556615
412145
448051
475203
307238
522354
350120
70096
192833
139048
198068
69073
98441
56634
52953
185599
383774
104941
348670
118997
496336
292677
383017
299529
364422
386894
171568
283671
113429
95023
176562
28945
64556
349754
174888
404938
507404
488464
267293
351352
360049
398546
520800
12857
50074
427078
33092
62929
363046
195722
349559
419101
423931
463942
123058
29789
549907
57528
128173
303615
405653
458689
255623
16763
557238
440547
483744
254546
343832
215292
151569
479913
73095
247065
439642
492604
408915
200039
112839
249539
365578
465522
336431
88259
32069
539250
82561
205606
318394
545032
117738
359518
491281
147587
477963
279496
519556
313494
450673
516518
438973
222021
442753
354409
80381
441071
260564
532619
154186
59284
442081
173218
31812
67633
39656
87535
490943
83256
356716
367001
438192
392344
259703
98305
426182
176615
480059
347376
443036
64302
193491
39469
80736
430698
110115
527654
119377
308743
258386
261074
110618
292013
444610
171749
21467
227675
291120
399324
327791
224767
275082
79592
249307
99134
528019
230482
168400
308982
471957
94359
367779
20924
365791
73840
189688
183099
318927
468250
246058
82832
283019
462446
167703
540806
451103
321890
409179
10156
193049
10839
68669
229313
462417
321344
143343
407174
131064
159075
173394
488620
1902
129530
242208
413387
491377
204358
9890
216498
336366
143750
347238
466266
49913
539253
83534
158581
388545
448465
282774
156060
531095
74080
364836
346463
130917
105007
413275
317721
400476
79173
427248
328967
222397
26061
503992
394561
426933
44134
120138
495405
379943
507681
425140
233301
301799
100199
395321
357517
216510
22806
389997
203527
85935
360235
153776
177666
269389
319286
311298
389647
487264
496372
177267
239163
72442
79666
139243
69642
112233
422492
455344
344180
439214
344791
74522
4280
128967
474653
549454
362488
141618
108479
10051
469164
81
465640
355044
79396
149753
258502
228588
404958
150875
115378
33068
66193
333213
266462
369486
64654
151506
230176
424978
66674
433980
431147
484881
559789
413277
316349
512096
366658
515310
557842
130
413296
363206
109232
366690
406828
375073
374375
530445
481823
314995
102846
72088
99664
480249
288217
469527
206810
291720
455071
351998
94422
177632
26056
473204
32104
422113
166864
87038
278680
432401
42230
430503
138140
113390
175590
38844
165703
376201
115317
385783
224448
169208
352500
344227
115826
286978
417950
36664
85980
360936
109363
123193
102576
368138
53668
228892
256761
332646
410343
132527
415882
451264
230956
492440
310221
420285
325607
433523
300565
237749
76000
243726
417774
232868
37573
361178
165157
133114
190350
99740
257911
478970
157672
95044
319508
134284
462829
535125
500344
347360
54692
256888
159930
468226
389750
259576
370004
2506
431389
10785
11337
503382
217139
275062
37456
386206
456683
160320
363779
209030
382636
121900
344138
8806
459997
133891
535468
348796
500583
183545
144409
334143
439301
486954
456939
182439
287110
483424
328429
547849
284842
75352
200941
124886
327028
91435
138847
91509
235648
355463
44794
441331
503871
271377
432298
301080
123753
335952
454920
461231
277039
269116
426209
336863
26939
158890
53173
50004
159149
184754
160205
535212
403390
184673
318618
58673
263655
11707
344471
534494
477242
10654
227223
424605
186621
253343
320932
461686
123073
429221
499213
284536
455263
359808
7813
95626
159377
145957
22732
508861
497120
151457
371139
299449
538948
10164
418981
494404
334417
541683
311015
375281
324819
325184
152337
95916
425189
44178
177421
409035
506257
236626
118518
111477
438418
237691
390511
321907
135823
357150
186832
286034
96068
210655
47687
507003
131475
480987
463415
16189
502053
44105
114530
198965
554475
401818
189690
543638
424196
403911
43997
276512
56098
215061
58545
119923
181325
190674
403547
57538
86837
454337
365125
213842
213064
441035
331868
122230
444787
261762
44597
550909
77291
407622
549639
158519
313246
275200
211746
338207
401760
354554
79161
443327
44805
84113
516055
448466
116805
436365
97794
455473
114166
101560
3933
28732
355497
136193
174854
211455
477387
294518
527773
142825
231120
545979
75676
146086
224182
179491
33094
162137
87534
357460
99436
405647
327523
484367
181748
375684
283038
6417
437766
242627
520143
522953
162962
147249
201055
40910
7279
252723
530822
468107
46814
57288
465081
406369
454626
189973
259723
515510
229134
143723
424007
65704
262876
329845
215456
165271
380237
344739
230759
542392
382130
216289
133503
531882
471644
135994
245218
375498
460469
387273
423795
373391
456696
264886
264854
51359
333000
121488
519649
292304
558860
254562
153054
163735
507850
237327
72301
77601
45431
113609
374439
509030
531628
549319
191176
378054
448403
50062
525695
477697
117016
58409
263867
384992
284229
203537
351830
25102
72459
73962
120682
85767
553493
531097
357389
244948
546393
41190
53974
306419
129928
217716
319147
31767
164502
173512
493365
62594
404137
210991
223413
454557
270104
189512
40140
5617
404128
83641
542301
219624
17201
526250
545400
537271
199879
134049
487241
55012
250052
525393
350261
63221
310688
183060
369199
351953
248345
164549
386132
18465
245234
86129
51765
157327
159251
462194
499734
462636
454735
16068
558502
355003
80824
4670
155337
138089
217877
1133
111155
436406
519097
129971
420785
378473
367648
231626
440184
168995
344449
553143
15949
215750
240831
48665
297351
466667
412106
547112
105680
279190
70647
232788
6651
408468
75323
554159
343250
219179
547126
74787
96689
458834
407234
200658
330006
364905
379134
95308
22159
209572
71889
169896
448486
200842
551139
316377
546235
297243
96547
147717
330111
132053
196865
163526
68968
441965
208326
368593
218034
200056
173415
100047
102841
8182
265748
47487
108272
193093
60115
488731
102194
264919
320317
204992
425553
103914
217895
358900
11118
524572
216925
452938
153320
25344
225366
236548
11096
351315
54596
302292
554835
414904
152750
536588
313839
288731
287369
170599
302754
267229
144098
336242
281767
347473
65231
323443
543477
103077
164365
486364
375001
121519
26605
65024
343745
465755
18690
209567
559717
34653
392375
517839
306309
514838
6275
339640
541356
249379
10064
552451
379478
184907
439031
482245
424709
164883
332835
28472
435793
129702
247614
484690
71262
354291
362799
176835
453468
362294
391353
540947
75623
13832
68292
191693
246046
332429
403883
66844
380515
234037
160923
410496
125174
318574
13413
382349
24039
303991
421773
368864
143618
142663
462585
261195
527946
433770
506142
223567
240867
98926
494372
507146
229159
138110
267301
228074
240402
171858
242282
375765
533603
555505
77087
133361
475592
82100
333736
482912
556000
412355
81949
109141
223153
354384
59218
233713
274652
413280
186435
66937
9788
264026
452514
1573
374165
164182
233466
454875
236727
201612
431738
239069
209549
105949
216749
21905
323105
325915
376320
476007
259851
272100
80308
391408
238381
335091
469824
108637
39290
71466
338480
71007
273560
549051
76882
469669
28378
289724
139525
127440
522776
312024
39500
542042
421268
381417
444169
166008
259335
373254
233173
393222
557917
285927
492599
469122
227509
134336
46189
40008
29190
38865
265181
112176
546019
551581
402229
13989
68379
384300
38556
354704
221337
412349
358894
163569
372289
548631
136709
545455
330256
238942
542799
186564
148661
400663
418451
120521
187465
251581
118293
51441
523892
394306
276160
372433
196424
101534
312532
78827
467970
151793
327368
44228
74380
90939
18593
357707
494054
319773
69539
99053
430830
407522
171555
307150
66122
426007
492100
470827
344748
543659
343787
466672
440653
269482
192433
490619
428676
172761
473250
74385
219702
207938
196434
211888
477632
186496
148678
98117
389374
252175
110079
39248
117564
210314
437055
99626
112500
284575
394975
120828
340244
151399
448974
25350
411579
500130
445705
21690
76266
544516
301042
315916
400080
107972
426205
277987
249059
435228
414643
421526
248301
290865
251778
239952
448968
137912
508871
146567
2089
70583
68169
265475
239248
253175
175914
426586
96633
193654
476799
72827
364808
27280
434702
276711
75051
179446
253054
59150
500144
197623
367561
532195
86756
137155
406343
258565
249091
203627
248549
489315
462296
10239
431331
485819
401116
393250
33054
466854
323785
398275
189301
101497
541308
28654
450515
304517
67734
538809
436297
404550
222088
220906
299976
132080
145382
144803
273330
328194
555674
346567
320962
26394
524803
47535
41219
423298
268743
202876
303064
221536
146381
553792
498689
277284
472213
67775
430479
115848
176266
83123
358083
131731
512670
84726
444696
114714
63911
337599
166107
414113
142096
154015
10853
433678
36461
122065
179023
191672
465917
194429
379647
24611
110677
208447
181419
255265
120028
321775
549147
225596
175966
26586
330497
318893
133362
331196
254096
301634
302332
414861
16961
467118
156815
73401
385313
74425
5318
553158
462166
488012
248174
210523
198862
509223
189785
435168
101262
372007
469964
513692
24694
268538
96694
104034
144990
408863
9803
313660
42510
367467
56554
506948
295421
378534
539443
544020
274786
116577
372123
385827
38372
307868
434558
453864
498465
519353
162524
411982
557144
466631
219289
504992
480913
210414
303849
109500
465801
376514
555000
58985
224774
469351
497679
319510
208592
187228
443511
10542
259234
47557
279965
421982
450329
235564
268210
529933
494317
457491
551931
69814
72504
163390
449391
419410
112446
218513
455580
69034
275415
331121
73515
557991
148582
137642
98003
471353
231015
436744
282247
399218
55557
253543
200619
539493
559778
311697
317634
327949
499969
307600
487108
35302
226339
251837
86942
367882
165946
484912
272516
338334
502202
19338
397755
541533
252701
513806
6334
257711
381127
550391
29891
195979
429591
401826
19610
210088
232137
351659
56478
59931
433792
106952
307323
465344
181961
401223
167890
11495
303440
289539
188296
32667
75708
389620
375811
551557
388222
539839
136309
315575
554197
109654
274140
210894
314019
198770
379306
36374
115810
312453
377253
495912
384962
534575
319156
216104
169549
469244
308378
158972
174502
517451
488277
51683
8791
350523
346467
150127
356489
189625
405710
346539
202590
339663
191208
100668
356332
311879
285057
87105
283295
498295
447519
346605
78807
36922
54295
243859
369823
155155
135631
7988
2780
184890
134676
238901
251389
314143
421581
115645
154380
389318
264242
432529
447165
541038
73574
412725
282355
31616
51711
94580
506356
146029
447732
520393
140662
192127
302718
69520
398773
49426
170886
382479
68750
475807
415850
257016
458117
232463
129983
178939
229069
139209
397620
47115
341164
55521
257214
308691
280905
253252
312761
68023
96377
536508
432382
339218
79096
379706
467869
138287
340386
26813
262134
15263
79041
351518
445616
246936
120273
134206
48133
269842
501086
112134
54681
321463
358452
145375
125989
542307
369812
504692
392829
449343
470057
434302
142293
60481
489854
466130
179327
190021
314488
465323
113035
487052
65179
455845
58455
497861
8511
229224
530719
509329
304200
330355
12023
11815
557506
202913
431405
242108
475538
139729
406830
535318
148709
210752
291847
530418
14634
398248
227359
110437
147737
226260
262895
248665
499544
527357
66389
29793
439824
57651
263961
118891
371361
68773
501246
28772
300289
338566
249728
68571
282194
431440
25400
231416
557767
267112
38457
236447
458978
16130
127801
393939
57479
11634
513133
245766
180697
433493
377133
364414
402743
41081
468997
287628
260549
223913
350374
218397
80206
32566
47162
173095
23577
444286
288492
232591
18896
269236
83022
327952
271684
205162
464233
226383
137187
494188
536524
276009
466675
134415
542058
319340
78936
375110
185329
89442
140556
519995
90114
95951
246319
287657
474144
153268
314671
542344
284348
486242
339251
456769
215243
549524
287978
335742
143596
191077
513485
518643
494233
420773
239071
437739
89312
303758
152110
49182
49248
351840
495346
531932
556709
392709
324627
55591
212697
201643
49159
231308
369781
495627
295951
89908
531347
405591
26103
358791
15190
50349
350602
423336
317821
72357
21067
305450
120686
551648
432720
292074
408758
468754
163851
232549
473090
104487
209356
208631
436065
149596
238858
328011
505214
268861
145032
473927
142978
346582
20541
53961
348443
71506
287650
289573
162199
329194
548002
248762
290461
455276
226475
24925
378658
246367
507342
194150
223234
493221
44079
92142
458767
9420
516685
399914
399619
81900
308681
248877
100182
493865
512333
100340
73479
21240
417066
92345
244362
512838
293890
135338
6978
192976
221898
98061
150182
268357
232690
158911
324728
489320
468987
317826
13976
352351
415084
336526
23066
427829
12496
30936
509201
523437
324633
448773
262139
299445
466418
168514
7163
541134
52068
61222
129451
81796
425323
99767
75728
92518
110275
5580
89509
163965
457305
209124
289151
219371
49959
451444
116561
269928
206290
33095
459816
199037
484061
86998
160211
350960
161378
70053
531038
217603
425582
556945
357797
383413
461980
206950
439718
53148
233267
225338
371792
116046
40464
284253
123716
49839
519434
13676
30546
335621
4100
269392
411978
43191
371576
273266
428079
259735
517190
513172
35057
65825
268383
236320
295120
283013
389720
500924
46723
284498
339434
424498
252453
78989
121529
222554
28073
326135
226935
508227
539759
369795
269513
204213
321190
56705
405120
128536
233780
557145
23971
166605
146651
521671
436506
500337
161540
406001
484906
507394
211748
244439
265984
151300
159997
190926
420260
295784
502184
23307
102442
508970
382054
278463
391661
205604
209862
331584
322382
76601
251411
335534
233341
459547
327732
95431
381844
199850
476193
35321
40370
2204
448698
429022
21151
264378
330777
459596
258149
159566
263956
102901
130888
347094
326046
26064
214555
263084
288871
154598
427936
178607
198449
351146
190039
498613
438385
153198
426206
329064
283639
131653
270429
105031
75735
124495
175889
51827
217307
444252
80468
22711
275676
454746
203142
167187
432984
512081
10512
380823
28051
180968
307772
262684
352758
345866
458875
96300
144300
280307
524310
359542
519346
531723
458140
400411
392275
522221
530432
272662
309052
224404
278851
39270
501755
149866
269976
211574
199209
222616
277069
363269
187013
556714
337110
226749
199434
145631
282880
308625
428121
528291
156777
132439
549513
333244
158998
285644
148250
116210
34509
43469
383355
120625
22759
281039
372488
225791
454968
524131
495546
423167
163111
135016
156698
306471
194201
223967
380285
552788
289541
543287
131664
509870
299878
476516
139725
106028
290006
215002
120205
245080
259346
464054
27380
342615
282787
96037
497463
142383
431577
80919
104922
359175
297965
18019
509867
172196
293406
221027
92952
283026
134670
203172
218371
210183
521348
351547
249581
511260
507327
366062
376490
236090
430165
26959
48332
341368
131977
431945
186369
306652
277171
488288
520433
500547
498702
510286
316383
527769
136109
238584
403115
49501
448704
440118
520884
284757
127690
344939
275444
467409
299835
333488
451877
169185
422718
207149
386109
558892
213960
252790
331672
202311
37475
403028
20480
493247
243497
442631
104707
209340
330790
143603
15114
41274
25616
309240
252359
277366
436757
198981
24827
507435
291299
299336
187183
288396
271056
204170
60915
262126
550833
216254
500958
223056
84267
147999
548461
350805
287874
311692
534306
216387
258030
55502
359641
17426
64443
305183
351494
289616
287522
466107
418667
414152
2049
307824
363397
439223
536284
34633
148166
144561
332726
168490
276202
357237
143028
209991
439202
490488
410363
373474
557430
170839
124247
320105
11800
404337
210829
201421
522125
282542
555512
51347
253715
81429
94321
420039
172110
80608
440754
90350
94372
226053
60958
27373
482623
278402
88996
526643
167919
31142
361583
528107
514077
128319
215474
398872
361549
548198
505330
275033
3077
380032
122125
410802
66302
40994
59242
540306
214879
392174
276378
12702
164801
10926
43389
435814
204645
373032
346874
356291
78730
58246
145602
485312
13650
394601
398375
271062
442187
223870
55775
112265
30347
210594
307509
455131
344742
249395
262850
554205
316096
144695
378084
46896
372479
472176
109522
438011
170194
436711
263706
318549
459357
278713
6548
245793
65471
446761
143474
171968
448796
556248
284335
98844
245840
132494
327957
107639
138539
314225
154713
486563
451690
259622
98565
391652
167079
384139
466536
227916
182575
445305
367415
478280
247699
303920
158706
488110
253426
486806
178760
478896
523125
501353
292047
409430
350048
136457
121146
296259
311959
436052
80618
332130
426455
287185
106557
14971
488297
243377
360234
464283
503416
57013
351811
